1	1	500
2	1	500
3	1	0
4	1	0
5	1	0
6	1	0
7	1	0
8	1	0
9	1	0
10	1	0
11	1	0
12	1	0
13	1	0
14	1	0
15	1	0
16	1	0
17	1	0
18	1	0
19	1	0
20	1	0
21	1	0
22	1	0
23	1	0
24	1	0
25	1	500
26	1	500
1	2	1000
2	2	1000
3	2	0
4	2	0
5	2	0
6	2	0
7	2	0
8	2	0
9	2	0
10	2	0
11	2	0
12	2	0
13	2	0
14	2	0
15	2	0
16	2	0
17	2	0
18	2	0
19	2	0
20	2	0
21	2	0
22	2	0
23	2	0
24	2	0
25	2	500
26	2	500
1	3	500
2	3	500
3	3	0
4	3	0
5	3	0
6	3	0
7	3	0
8	3	0
9	3	0
10	3	0
11	3	0
12	3	0
13	3	0
14	3	0
15	3	0
16	3	0
17	3	0
18	3	0
19	3	0
20	3	0
21	3	0
22	3	0
23	3	0
24	3	0
25	3	1000
26	3	1000
1	4	0
2	4	0
3	4	500
4	4	0
5	4	1000
6	4	0
7	4	1000
8	4	1000
9	4	1000
10	4	0
11	4	0
12	4	0
13	4	500
14	4	1000
15	4	1000
16	4	500
17	4	0
18	4	0
19	4	0
20	4	0
21	4	500
22	4	500
23	4	0
24	4	0
25	4	0
26	4	0
1	5	0
2	5	0
3	5	0
4	5	500
5	5	0
6	5	1000
7	5	0
8	5	0
9	5	0
10	5	1000
11	5	1000
12	5	1000
13	5	0
14	5	0
15	5	0
16	5	0
17	5	500
18	5	1000
19	5	1000
20	5	500
21	5	0
22	5	0
23	5	500
24	5	500
25	5	0
26	5	0
1	6	0
2	6	0
3	6	500
4	6	0
5	6	1000
6	6	0
7	6	1000
8	6	1000
9	6	1000
10	6	0
11	6	0
12	6	0
13	6	500
14	6	1000
15	6	1000
16	6	500
17	6	0
18	6	0
19	6	0
20	6	0
21	6	500
22	6	500
23	6	0
24	6	0
25	6	0
26	6	0
1	7	0
2	7	0
3	7	500
4	7	0
5	7	500
6	7	0
7	7	500
8	7	500
9	7	500
10	7	0
11	7	0
12	7	0
13	7	500
14	7	500
15	7	500
16	7	1000
17	7	0
18	7	0
19	7	0
20	7	0
21	7	500
22	7	1000
23	7	0
24	7	0
25	7	0
26	7	0
1	8	0
2	8	0
3	8	0
4	8	500
5	8	0
6	8	500
7	8	0
8	8	0
9	8	0
10	8	500
11	8	500
12	8	500
13	8	0
14	8	0
15	8	0
16	8	0
17	8	1000
18	8	500
19	8	500
20	8	500
21	8	0
22	8	0
23	8	1000
24	8	500
25	8	0
26	8	0
1	9	0
2	9	0
3	9	0
4	9	500
5	9	0
6	9	1000
7	9	0
8	9	0
9	9	0
10	9	1000
11	9	1000
12	9	1000
13	9	0
14	9	0
15	9	0
16	9	0
17	9	500
18	9	1000
19	9	1000
20	9	500
21	9	0
22	9	0
23	9	500
24	9	500
25	9	0
26	9	0
1	10	0
2	10	0
3	10	1000
4	10	0
5	10	500
6	10	0
7	10	500
8	10	500
9	10	500
10	10	0
11	10	0
12	10	0
13	10	1000
14	10	500
15	10	500
16	10	500
17	10	0
18	10	0
19	10	0
20	10	0
21	10	1000
22	10	500
23	10	0
24	10	0
25	10	0
26	10	0
1	11	0
2	11	0
3	11	500
4	11	0
5	11	1000
6	11	0
7	11	1000
8	11	1000
9	11	1000
10	11	0
11	11	0
12	11	0
13	11	500
14	11	1000
15	11	1000
16	11	500
17	11	0
18	11	0
19	11	0
20	11	0
21	11	500
22	11	500
23	11	0
24	11	0
25	11	0
26	11	0
1	12	0
2	12	0
3	12	0
4	12	500
5	12	0
6	12	1000
7	12	0
8	12	0
9	12	0
10	12	1000
11	12	1000
12	12	1000
13	12	0
14	12	0
15	12	0
16	12	0
17	12	500
18	12	1000
19	12	1000
20	12	500
21	12	0
22	12	0
23	12	500
24	12	500
25	12	0
26	12	0
1	13	0
2	13	0
3	13	0
4	13	1000
5	13	0
6	13	500
7	13	0
8	13	0
9	13	0
10	13	500
11	13	500
12	13	500
13	13	0
14	13	0
15	13	0
16	13	0
17	13	500
18	13	500
19	13	500
20	13	1000
21	13	0
22	13	0
23	13	500
24	13	1000
25	13	0
26	13	0
1	14	0
2	14	0
3	14	500
4	14	0
5	14	1000
6	14	0
7	14	1000
8	14	1000
9	14	1000
10	14	0
11	14	0
12	14	0
13	14	500
14	14	1000
15	14	1000
16	14	500
17	14	0
18	14	0
19	14	0
20	14	0
21	14	500
22	14	500
23	14	0
24	14	0
25	14	0
26	14	0
1	15	0
2	15	0
3	15	1000
4	15	0
5	15	500
6	15	0
7	15	500
8	15	500
9	15	500
10	15	0
11	15	0
12	15	0
13	15	1000
14	15	500
15	15	500
16	15	500
17	15	0
18	15	0
19	15	0
20	15	0
21	15	1000
22	15	500
23	15	0
24	15	0
25	15	0
26	15	0
1	16	0
2	16	0
3	16	0
4	16	1000
5	16	0
6	16	500
7	16	0
8	16	0
9	16	0
10	16	500
11	16	500
12	16	500
13	16	0
14	16	0
15	16	0
16	16	0
17	16	500
18	16	500
19	16	500
20	16	1000
21	16	0
22	16	0
23	16	500
24	16	1000
25	16	0
26	16	0
1	17	0
2	17	0
3	17	0
4	17	500
5	17	0
6	17	1000
7	17	0
8	17	0
9	17	0
10	17	1000
11	17	1000
12	17	1000
13	17	0
14	17	0
15	17	0
16	17	0
17	17	500
18	17	1000
19	17	1000
20	17	500
21	17	0
22	17	0
23	17	500
24	17	500
25	17	0
26	17	0
1	18	0
2	18	0
3	18	500
4	18	0
5	18	1000
6	18	0
7	18	1000
8	18	1000
9	18	1000
10	18	0
11	18	0
12	18	0
13	18	500
14	18	1000
15	18	1000
16	18	500
17	18	0
18	18	0
19	18	0
20	18	0
21	18	500
22	18	500
23	18	0
24	18	0
25	18	0
26	18	0
1	19	0
2	19	0
3	19	0
4	19	500
5	19	0
6	19	1000
7	19	0
8	19	0
9	19	0
10	19	1000
11	19	1000
12	19	1000
13	19	0
14	19	0
15	19	0
16	19	0
17	19	500
18	19	1000
19	19	1000
20	19	500
21	19	0
22	19	0
23	19	500
24	19	500
25	19	0
26	19	0
1	20	0
2	20	0
3	20	1000
4	20	0
5	20	1000
6	20	1000
7	20	500
8	20	500
9	20	500
10	20	0
11	20	0
12	20	0
13	20	1000
14	20	500
15	20	500
16	20	500
17	20	0
18	20	0
19	20	0
20	20	0
21	20	1000
22	20	500
23	20	0
24	20	0
25	20	0
26	20	0
1	21	0
2	21	0
3	21	0
4	21	1000
5	21	1000
6	21	1000
7	21	0
8	21	0
9	21	0
10	21	500
11	21	500
12	21	500
13	21	0
14	21	0
15	21	0
16	21	0
17	21	500
18	21	500
19	21	500
20	21	1000
21	21	0
22	21	0
23	21	500
24	21	1000
25	21	0
26	21	0
1	22	500
2	22	500
3	22	0
4	22	0
5	22	0
6	22	0
7	22	0
8	22	0
9	22	0
10	22	0
11	22	0
12	22	0
13	22	0
14	22	0
15	22	0
16	22	0
17	22	0
18	22	0
19	22	0
20	22	0
21	22	0
22	22	0
23	22	0
24	22	0
25	22	1000
26	22	1000
