1	1	500
2	1	1000
3	1	500
4	1	500
5	1	0
6	1	0
7	1	0
8	1	0
9	1	0
10	1	0
11	1	0
12	1	0
13	1	0
14	1	0
15	1	0
16	1	0
17	1	0
18	1	0
19	1	1000
1	2	500
2	2	1000
3	2	500
4	2	500
5	2	0
6	2	0
7	2	0
8	2	0
9	2	0
10	2	0
11	2	0
12	2	0
13	2	0
14	2	0
15	2	0
16	2	0
17	2	0
18	2	0
19	2	1000
1	3	0
2	3	0
3	3	0
4	3	0
5	3	500
6	3	0
7	3	500
8	3	0
9	3	500
10	3	500
11	3	0
12	3	0
13	3	1000
14	3	500
15	3	0
16	3	0
17	3	500
18	3	0
19	3	0
1	4	0
2	4	0
3	4	0
4	4	0
5	4	0
6	4	500
7	4	0
8	4	500
9	4	0
10	4	0
11	4	500
12	4	500
13	4	0
14	4	0
15	4	500
16	4	1000
17	4	0
18	4	500
19	4	0
1	5	0
2	5	0
3	5	0
4	5	0
5	5	1000
6	5	0
7	5	1000
8	5	0
9	5	1000
10	5	1000
11	5	0
12	5	0
13	5	500
14	5	1000
15	5	0
16	5	0
17	5	1000
18	5	0
19	5	0
1	6	0
2	6	0
3	6	0
4	6	0
5	6	0
6	6	1000
7	6	0
8	6	1000
9	6	0
10	6	0
11	6	1000
12	6	1000
13	6	0
14	6	0
15	6	1000
16	6	500
17	6	0
18	6	1000
19	6	0
1	7	0
2	7	0
3	7	0
4	7	0
5	7	1000
6	7	0
7	7	1000
8	7	0
9	7	1000
10	7	1000
11	7	0
12	7	0
13	7	500
14	7	1000
15	7	0
16	7	0
17	7	1000
18	7	0
19	7	0
1	8	0
2	8	0
3	8	0
4	8	0
5	8	1000
6	8	0
7	8	1000
8	8	0
9	8	1000
10	8	1000
11	8	0
12	8	0
13	8	500
14	8	1000
15	8	0
16	8	0
17	8	1000
18	8	0
19	8	0
1	9	0
2	9	0
3	9	0
4	9	0
5	9	1000
6	9	0
7	9	1000
8	9	0
9	9	1000
10	9	1000
11	9	0
12	9	0
13	9	500
14	9	1000
15	9	0
16	9	0
17	9	1000
18	9	0
19	9	0
1	10	0
2	10	0
3	10	0
4	10	0
5	10	0
6	10	1000
7	10	0
8	10	1000
9	10	0
10	10	0
11	10	1000
12	10	1000
13	10	0
14	10	0
15	10	1000
16	10	500
17	10	0
18	10	1000
19	10	0
1	11	0
2	11	0
3	11	0
4	11	0
5	11	0
6	11	1000
7	11	0
8	11	1000
9	11	0
10	11	0
11	11	1000
12	11	1000
13	11	0
14	11	0
15	11	1000
16	11	500
17	11	0
18	11	1000
19	11	0
1	12	0
2	12	0
3	12	0
4	12	0
5	12	0
6	12	1000
7	12	0
8	12	1000
9	12	0
10	12	0
11	12	1000
12	12	1000
13	12	0
14	12	0
15	12	1000
16	12	500
17	12	0
18	12	1000
19	12	0
1	13	0
2	13	0
3	13	0
4	13	0
5	13	500
6	13	0
7	13	500
8	13	0
9	13	500
10	13	500
11	13	0
12	13	0
13	13	1000
14	13	500
15	13	0
16	13	0
17	13	500
18	13	0
19	13	0
1	14	0
2	14	0
3	14	0
4	14	0
5	14	1000
6	14	0
7	14	1000
8	14	0
9	14	1000
10	14	1000
11	14	0
12	14	0
13	14	500
14	14	1000
15	14	0
16	14	0
17	14	1000
18	14	0
19	14	0
1	15	0
2	15	0
3	15	0
4	15	0
5	15	1000
6	15	0
7	15	1000
8	15	0
9	15	1000
10	15	1000
11	15	0
12	15	0
13	15	500
14	15	1000
15	15	0
16	15	0
17	15	1000
18	15	0
19	15	0
1	16	0
2	16	0
3	16	0
4	16	0
5	16	500
6	16	0
7	16	500
8	16	0
9	16	500
10	16	500
11	16	0
12	16	0
13	16	500
14	16	500
15	16	0
16	16	0
17	16	500
18	16	0
19	16	0
1	17	0
2	17	0
3	17	0
4	17	0
5	17	0
6	17	500
7	17	0
8	17	500
9	17	0
10	17	0
11	17	500
12	17	500
13	17	0
14	17	0
15	17	500
16	17	500
17	17	0
18	17	500
19	17	0
1	18	0
2	18	0
3	18	0
4	18	0
5	18	0
6	18	1000
7	18	0
8	18	1000
9	18	0
10	18	0
11	18	1000
12	18	1000
13	18	0
14	18	0
15	18	1000
16	18	500
17	18	0
18	18	1000
19	18	0
1	19	0
2	19	0
3	19	0
4	19	0
5	19	0
6	19	1000
7	19	0
8	19	1000
9	19	0
10	19	0
11	19	1000
12	19	1000
13	19	0
14	19	0
15	19	1000
16	19	500
17	19	0
18	19	1000
19	19	0
1	20	0
2	20	0
3	20	0
4	20	0
5	20	0
6	20	500
7	20	0
8	20	500
9	20	0
10	20	0
11	20	500
12	20	500
13	20	0
14	20	0
15	20	500
16	20	1000
17	20	0
18	20	500
19	20	0
1	21	0
2	21	0
3	21	0
4	21	0
5	21	500
6	21	0
7	21	500
8	21	0
9	21	500
10	21	500
11	21	0
12	21	0
13	21	1000
14	21	500
15	21	0
16	21	0
17	21	500
18	21	0
19	21	0
1	22	0
2	22	0
3	22	0
4	22	0
5	22	500
6	22	0
7	22	500
8	22	0
9	22	500
10	22	500
11	22	0
12	22	0
13	22	500
14	22	500
15	22	0
16	22	0
17	22	500
18	22	0
19	22	0
1	23	0
2	23	0
3	23	0
4	23	0
5	23	0
6	23	500
7	23	0
8	23	500
9	23	0
10	23	0
11	23	500
12	23	500
13	23	0
14	23	0
15	23	500
16	23	500
17	23	0
18	23	500
19	23	0
1	24	0
2	24	0
3	24	0
4	24	0
5	24	0
6	24	500
7	24	0
8	24	500
9	24	0
10	24	0
11	24	500
12	24	500
13	24	0
14	24	0
15	24	500
16	24	1000
17	24	0
18	24	500
19	24	0
1	25	500
2	25	500
3	25	1000
4	25	1000
5	25	0
6	25	0
7	25	0
8	25	0
9	25	0
10	25	0
11	25	0
12	25	0
13	25	0
14	25	0
15	25	0
16	25	0
17	25	0
18	25	0
19	25	1000
1	26	500
2	26	500
3	26	1000
4	26	1000
5	26	0
6	26	0
7	26	0
8	26	0
9	26	0
10	26	0
11	26	0
12	26	0
13	26	0
14	26	0
15	26	0
16	26	0
17	26	0
18	26	0
19	26	500
