51 40
51 61
51 71
40 52
40 51
40 52
40 62
40 61
40 30
112 82
112 102
112 30
112 20
112 122
82 102
82 72
82 62
82 92
82 2
52 72
52 62
72 62
72 82
72 92
102 122
102 132
102 142
102 92
20 142
20 151
20 111
20 30
20 152
20 122
20 121
20 141
20 10
142 152
142 122
142 132
101 141
101 91
101 121
101 111
101 81
101 131
141 121
141 131
141 151
152 10
152 132
62 82
62 30
40 52
81 61
81 71
81 111
81 91
81 30
61 71
61 81
61 30
91 71
91 131
121 111
111 30
132 92
151 131
151 10
71 81
51 40
20 161
20 162