17 17
0.5 0.75 0 0 0 0 0 0 0 0 0 0 0 0 0.75 0 0
0.5 0.75 0 0 0 0 0 0 0 0 0 0 0 0 0.75 0 0
0 0 0.5 0 0.5 0 0.5 0.75 0 0 0.75 0 0.5 0 0 1 1
0 0 0 0.5 0 0.5 0 0 0.75 0.5 0 0.5 0 0.5 0 1 1
0 0 0.5 0 0.5 0 0.5 0.75 0 0 0.75 0 0.5 0 0 0 0.5
0 0 0.5 0 0.5 0 0.5 0.75 0 0 0.75 0 0.5 0 0 0 0.5
0 0 0 0.5 0 0.5 0 0 0.75 0.5 0 0.5 0 0.5 0 0.5 0
0 0 0 0.5 0 0.5 0 0 0.75 0.5 0 0.5 0 0.5 0 0.5 0
0 0 0.5 0 0.5 0 0.5 0.75 0 0 0.75 0 0.5 0 0 0 0.5
0 0 0 0.5 0 0.5 0 0 0.75 0.5 0 0.5 0 0.5 0 0.5 0
0 0 0.5 0 0.5 0 0.5 0.75 0 0 0.75 0 0.5 0 0 0 0.5
0 0 0 0.5 0 0.5 0 0 0.75 0.5 0 0.5 0 0.5 0 0.5 0
0 0 0.5 0 0.5 0 0.5 0.75 0 0 0.75 0 0.5 0 0 0 0.5
0 0 0.5 0 0.5 0 0.5 0.75 0 0 0.75 0 0.5 0 0 0 0.5
0 0 0 0.5 0 0.5 0 0 0.75 0.5 0 0.5 0 0.5 0 0.5 0
0 0 0 0.5 0 0.5 0 0 0.75 0.5 0 0.5 0 0.5 0 0.5 0
0.5 0.75 0 0 0 0 0 0 0 0 0 0 0 0 1 0 0
